Barras	Linhas	Tipos_Linhas	#SE	VSE[kV]	Tipos_S/E
33	37	4	1	12.66	2

tipo	2

emax[W]	nimax
1	10

Tipos Linhas
Tipo	R	X	Imax	CF[k$/km]	CRx[k$/km]
0	0.3655	0.2520	400	70	60
1	0.2921	0.2466	450	80	70
2	0.2359	0.2402	600	100	80
3	0.1932	0.2279	650	110	90

Tipos S/E
Tipo	kVAmax	CF[$]	CV[$/A2]	CR[$]
0	20000	400	0.0012	100

Subestações
Barra	Tipo	Construida	Ativa
0	0	1	1

Dados Linhas
Envio	Recibo	Tipo	Longitude_[km]	Construida	Ativa
0	1	0.0922	0.047	1	1
1	2	0.493	0.2511	1	1
2	3	0.366	0.1864	1	1
3	4	0.3811	0.1941	1	1
4	5	0.819	0.707	1	1
5	6	0.1872	0.6188	1	1
6	7	0.7114	0.2351	1	1
7	8	1.03	0.74	1	1
8	9	1.044	0.74	1	1
9	10	0.1966	0.065	1	1
10	11	0.3744	0.1238	1	1
11	12	1.468	1.155	1	1
12	13	0.5416	0.7129	1	1
13	14	0.591	0.526	1	1
14	15	0.7463	0.545	1	1
15	16	1.289	1.721	1	1
16	17	0.732	0.574	1	1
1	18	0.164	0.1565	1	1
18	19	1.5042	1.3554	1	1
19	20	0.4095	0.4784	1	1
20	21	0.7089	0.9373	1	1
2	22	0.4512	0.3083	1	1
22	23	0.898	0.7091	1	1
23	24	0.896	0.7011	1	1
5	25	0.203	0.1034	1	1
25	26	0.2842	0.1447	1	1
26	27	1.059	0.9337	1	1
27	28	0.8042	0.7006	1	1
28	29	0.5075	0.2585	1	1
29	30	0.9744	0.963	1	1
30	31	0.3105	0.3619	1	1
31	32	0.341	0.5302	1	1
7	20	2	2	1	1
8	14	2	2	1	1
11	21	2	2	1	1
17	32	0.5	0.5	1	1
24	28	0.5	0.5	1	1

Barra	P[kW]	Q[kW]
0	0	0
1	100	60
2	90	40
3	120	80
4	60	30
5	60	20
6	200	100
7	200	100
8	60	20
9	60	20
10	45	30
11	60	35
12	60	35
13	120	80
14	60	10
15	60	20
16	60	20
17	90	40
18	90	40
19	90	40
20	90	40
21	90	40
22	90	50
23	420	200
24	420	200
25	60	25
26	60	25
27	60	20
28	120	70
29	200	600
30	150	70
31	210	100
32	60	40